CTYPE1 = 'RA---TAN'
CUNIT1 = 'deg'
CRPIX1 = 1606.5
CRVAL1 = 83.780566
CD1_1 = -5.55555555555556E-05
CD1_2 = 0.
CTYPE2 = 'DEC--TAN'
CUNIT2 = 'deg'
CRPIX2 = 724.5
CRVAL2 = -5.396172
CD2_1 = 0.
CD2_2 = 5.55555555555556E-05

